cammini minimax tra 2 e 7: 48
1: (7, 2205) (3, 1652) (12, 6367) (38, 10) (46, 204) (29, 7) (2, 36) 
2: (1, 36) (3, 18) 
3: (1, 1652) (5, 297) (26, 288) (12, 32662) (41, 799) (38, 5502) (9, 122) (30, 121) (48, 1) (36, 60) (35, 1695) (49, 62) (15, 241) (2, 18) (17, 196) (4, 40) (7, 12287) 
4: (3, 40) (5, 12) 
5: (3, 297) (12, 901) (30, 65) (24, 36) (6, 15) (4, 12) (7, 400) 
6: (5, 15) (7, 21) 
7: (1, 2205) (3, 12287) (5, 400) (26, 296) (12, 35454) (38, 1032) (46, 215) (9, 115) (28, 34) (49, 50) (22, 27) (19, 122) (18, 8) (11, 68) (6, 21) (10, 46) (8, 10) 
8: (7, 10) (9, 3) 
9: (3, 122) (7, 115) (8, 3) 
10: (7, 46) 
11: (7, 68) (12, 31) 
12: (1, 6367) (3, 32662) (5, 901) (7, 35454) (41, 1758) (38, 1047) (30, 48) (31, 683) (27, 4) (25, 6) (24, 36) (23, 92) (22, 6) (21, 11) (20, 113) (19, 87) (18, 20) (17, 11) (11, 31) (16, 6) (14, 30) (13, 11) (26, 906) (34, 2410) 
13: (12, 11) 
14: (12, 30) (15, 198) 
15: (3, 241) (14, 198) 
16: (12, 6) 
17: (3, 196) (12, 11) 
18: (7, 8) (12, 20) 
19: (7, 122) (12, 87) 
20: (12, 113) 
21: (12, 11) 
22: (7, 27) (12, 6) 
23: (12, 92) 
24: (5, 36) (12, 36) 
25: (12, 6) (26, 6) 
26: (3, 288) (7, 296) (12, 906) (29, 2) (28, 31) (27, 8) (25, 6) 
27: (12, 4) (26, 8) 
28: (7, 34) (26, 31) 
29: (1, 7) (26, 2) (30, 3) 
30: (3, 121) (5, 65) (12, 48) (29, 3) (31, 12) 
31: (12, 683) (30, 12) (32, 202) 
32: (31, 202) (33, 158) 
33: (32, 158) (34, 1346) 
34: (33, 1346) (12, 2410) (35, 1584) 
35: (3, 1695) (34, 1584) (36, 110) (37, 288) (38, 7) 
36: (3, 60) (35, 110) 
37: (35, 288) 
38: (1, 10) (3, 5502) (7, 1032) (12, 1047) (35, 7) (44, 17) (40, 42) (39, 43) 
39: (38, 43) 
40: (38, 42) (41, 16) 
41: (3, 799) (12, 1758) (42, 12) (40, 16) (43, 1606) 
42: (41, 12) (43, 24) 
43: (47, 6) (42, 24) (49, 44) (45, 61) (44, 8) (41, 1606) 
44: (38, 17) (43, 8) 
45: (43, 61) (46, 42) 
46: (1, 204) (7, 215) (48, 13) (47, 6) (45, 42) 
47: (43, 6) (46, 6) 
48: (3, 1) (46, 13) 
49: (3, 62) (7, 50) (43, 44) (50, 12) 
50: (49, 12) 
